[-0.06942316  0.08819152  0.01643467 -0.02820648 -0.12085001  0.007146
 -0.05414634 -0.07378548  0.1630097  -0.09903941  0.19603136  0.06638188
 -0.2414725   0.01097888  0.03306386  0.12823014 -0.17199916 -0.11079569
 -0.1173325  -0.04540712  0.01370515  0.01779915  0.08112337  0.09315837
 -0.04987236 -0.30226371 -0.10667665 -0.03394942  0.07601893 -0.07984146
  0.00740341 -0.08984201 -0.15526965 -0.02583634 -0.01443365 -0.04271257
 -0.13333021 -0.09990253  0.2148467   0.00824537 -0.19273794  0.00788233
  0.01745015  0.26332945  0.20908135  0.06510545  0.09309561 -0.10415923
  0.04985589 -0.28047869  0.05243361  0.15935147  0.11309779  0.09631286
  0.00529807 -0.17811355  0.00165907  0.20355819 -0.17474055  0.13390823
  0.0374177  -0.01711566  0.01546779 -0.05236036  0.24653524  0.10007104
 -0.16232389 -0.18646941  0.0632231  -0.20629343 -0.09135299  0.13929249
 -0.12227957 -0.29706672 -0.26599979  0.00542704  0.35692382  0.17664589
 -0.12056374 -0.02468377 -0.08485472 -0.02589077  0.00728012  0.10543434
 -0.0700331  -0.05671505 -0.08225728  0.04165525  0.23544528 -0.05243276
 -0.06068872  0.25869939  0.07283561 -0.01383971 -0.04361716  0.12449474
 -0.03581773  0.0369038  -0.0983481   0.01323482 -0.02317222 -0.04861602
  0.02618875  0.01187118 -0.20283701  0.24823242 -0.00483697 -0.01785252
 -0.0422963  -0.02058925 -0.13600899  0.01125756  0.19222452 -0.31658161
  0.24272794  0.29120183  0.13278686  0.160041    0.01622622  0.04790016
  0.00582981 -0.04655622 -0.13443121 -0.03813962  0.01544007 -0.06610525
  0.08381178  0.05670927]